  1.000000 
  0.540302 
  -0.416147 
  -0.989992 
  -0.653644 
  0.283662 
  0.960170 
  0.753902 
  -0.145500 
  -0.911130 
  -0.839072 
  0.004426 
  0.843854 
  0.907447 
  0.136737 
  -0.759688 
  -0.957659 
  -0.275163 
  0.660317 
  0.988705 
  0.408082 
  -0.547729 
  -0.999961 
  -0.532833 
  0.424179 
  0.991203 
  0.646919 
  -0.292139 
  -0.962606 
  -0.748058 
  0.154251 
  0.914742 
  0.834223 
  -0.013277 
  -0.848570 
  -0.903692 
  -0.127964 
  0.765414 
  0.955074 
  0.266643 
  -0.666938 
  -0.987339 
  -0.399985 
  0.555113 
  0.999843 
  0.525322 
  -0.432178 
  -0.992335 
  -0.640144 
  0.300593 
  0.964966 
  0.742154 
  -0.162991 
  -0.918283 
  -0.829310 
  0.022127 
  0.853220 
  0.899867 
  0.119180 
  -0.771080 
  -0.952413 
  -0.258102 
  0.673507 
  0.985897 
  0.391857 
  -0.562454 
  -0.999647 
  -0.517770 
  0.440143 
  0.993390 
  0.633319 
  -0.309023 
  -0.967251 
  -0.736193 
  0.171717 
  0.921751 
  0.824331 
  -0.030975 
  -0.857803 
  -0.895971 
  -0.110387 
  0.776686 
  0.949678 
  0.249540 
  -0.680023 
  -0.984377 
  -0.383698 
  0.569750 
  0.999373 
  0.510177 
  -0.448074 
  -0.994367 
  -0.626444 
  0.317429 
  0.969459 
  0.730174 
  -0.180430 
  -0.925148 
  -0.819288 
  0.039821 
  0.862319 
  0.892005 
  0.101586 
  -0.782231 
  -0.946868 
  -0.240959 
  0.686487 
  0.982780 
  0.375510 
  -0.577002 
  -0.999021 
  -0.502544 
  0.455969 
  0.995267 
  0.619521 
  -0.325810 
  -0.971592 
  -0.724097 
  0.189129 
  0.928471 
  0.814181 
  -0.048664 
  -0.866767 
  -0.887969 
  -0.092776 
  0.787715 
  0.943984 
  0.232359 
  -0.692896 
  -0.981106 
  -0.367291 
  0.584209 
  0.998590 
  0.494872 
  -0.463829 
  -0.996088 
  -0.612548 
  0.334165 
  0.973649 
  0.717964 
  -0.197814 
  -0.931722 
  -0.809010 
  0.057503 
  0.871147 
  0.883863 
  0.083959 
  -0.793136 
  -0.941026 
  -0.223741 
  0.699251 
  0.979355 
  0.359044 
  -0.591370 
  -0.998081 
  -0.487161 
  0.471652 
  0.996831 
  0.605528 
  -0.342495 
  -0.975629 
  -0.711775 
  0.206482 
  0.934900 
  0.803775 
  -0.066337 
  -0.875459 
  -0.879689 
  -0.075136 
  0.798496 
  0.937995 
  0.215105 
  -0.705551 
  -0.977527 
  -0.350769 
  0.598484 
  0.997494 
  0.479412 
  -0.479439 
  -0.997496 
  -0.598460 
  0.350797 
  0.977533 
  0.705530 
  -0.215135 
  -0.938005 
  -0.798478 
  0.075166 
  0.879703 
  0.875445 
  0.066307 
  -0.803793 
  -0.934890 
  -0.206453 
  0.711796 
  0.975623 
  0.342466 
  -0.605552 
  -0.996829 
  -0.471626 
  0.487188 
  0.998083 
  0.591345 
  -0.359072 
  -0.979361 
  -0.699229 
  0.223770 
  0.941037 
  0.793118 
  -0.083989 
  -0.883877 
  -0.871133 
  -0.057472 
  0.809028 
  0.931711 
  0.197784 
  -0.717985 
  -0.973642 
  -0.334137 
  0.612572 
  0.996085 
  0.463802 
  -0.494898 
  -0.998592 
  -0.584184 
  0.367319 
  0.981111 
  0.692874 
  -0.232388 
  -0.943994 
  -0.787696 
  0.092806 
  0.887983 
  0.866752 
  0.048634 
  -0.814198 
  -0.928460 
  -0.189100 
  0.724118 
  0.971585 
  0.325781 
  -0.619544 
  -0.995264 
  -0.455942 
  0.502570 
  0.999022 
  0.576978 
  -0.375538 
  -0.982785 
  -0.686465 
  0.240988 
  0.946878 
  0.782212 
  -0.101616 
  -0.892018 
  -0.862304 
  -0.039791 
  0.819306 
  0.925136 
  0.180401 
  -0.730194 
  -0.969452 
  -0.317400 
  0.626468 
  0.994364 
  0.448047 
  -0.510203 
  -0.999374 
  -0.569726 
  0.383726 
  0.984382 
  0.680001 
  -0.249569 
  -0.949687 
  -0.776667 
  0.110417 
  0.895984 
  0.857788 
  0.030945 
  -0.824348 
  -0.921740 
  -0.171688 
  0.736213 
  0.967243 
  0.308994 
  -0.633343 
  -0.993387 
  -0.440116 
  0.517796 
  0.999648 
  0.562429 
  -0.391885 
  -0.985902 
  -0.673485 
  0.258131 
  0.952422 
  0.771061 
  -0.119210 
  -0.899880 
  -0.853204 
  -0.022097 
  0.829327 
  0.918271 
  0.162961 
  -0.742174 
  -0.964958 
  -0.300564 
  0.640167 
  0.992332 
  0.432151 
  -0.525348 
  -0.999844 
  -0.555088 
  0.400013 
  0.987344 
  0.666916 
  -0.266672 
  -0.955083 
  -0.765395 
  0.127994 
  0.903705 
  0.848554 
  0.013247 
  -0.834240 
  -0.914730 
  -0.154222 
  0.748078 
  0.962598 
  0.292110 
  -0.646942 
  -0.991199 
  -0.424152 
  0.532859 
  0.999961 
  0.547704 
  -0.408110 
  -0.988709 
  -0.660294 
  0.275192 
  0.957668 
  0.759668 
  -0.136767 
  -0.907459 
  -0.843838 
  -0.004396 
  0.839088 
  0.911118 
  0.145470 
  -0.753922 
  -0.960162 
  -0.283633 
  0.653666 
  0.989988 
  0.416119 
  -0.540328 
  -1.000000 
  -0.540277 
  0.416174 
  0.989997 
  0.653621 
  -0.283691 
  -0.960179 
  -0.753882 
  0.145530 
  0.911143 
  0.839055 
  -0.004456 
  -0.843870 
  -0.907434 
  -0.136707 
  0.759708 
  0.957651 
  0.275134 
  -0.660339 
  -0.988700 
  -0.408055 
  0.547754 
  0.999961 
  0.532808 
  -0.424206 
  -0.991207 
  -0.646896 
  0.292168 
  0.962614 
  0.748038 
  -0.154281 
  -0.914755 
  -0.834207 
  0.013307 
  0.848586 
  0.903679 
  0.127934 
  -0.765433 
  -0.955065 
  -0.266614 
  0.666961 
  0.987334 
  0.399958 
  -0.555138 
  -0.999843 
  1.000000 
  0.540302 
  -0.416147 
  -0.989992 
  -0.653644 
  0.283662 
  0.960170 
  0.753902 
  -0.145500 
  -0.911130 
  -0.839072 
  0.004426 
  0.843854 
  0.907447 
  0.136737 
  -0.759688 
  -0.957659 
  -0.275163 
  0.660317 
  0.988705 
  0.408082 
  -0.547729 
  -0.999961 
  -0.532833 
  0.424179 
  0.991203 
  0.646919 
  -0.292139 
  -0.962606 
  -0.748058 
  0.154251 
  0.914742 
  0.834223 
  -0.013277 
  -0.848570 
  -0.903692 
  -0.127964 
  0.765414 
  0.955074 
  0.266643 
  -0.666938 
  -0.987339 
  -0.399985 
  0.555113 
  0.999843 
  0.525322 
  -0.432178 
  -0.992335 
  -0.640144 
  0.300593 
  0.964966 
  0.742154 
  -0.162991 
  -0.918283 
  -0.829310 
  0.022127 
  0.853220 
  0.899867 
  0.119180 
  -0.771080 
  -0.952413 
  -0.258102 
  0.673507 
  0.985897 
  0.391857 
  -0.562454 
  -0.999647 
  -0.517770 
  0.440143 
  0.993390 
  0.633319 
  -0.309023 
  -0.967251 
  -0.736193 
  0.171717 
  0.921751 
  0.824331 
  -0.030975 
  -0.857803 
  -0.895971 
  -0.110387 
  0.776686 
  0.949678 
  0.249540 
  -0.680023 
  -0.984377 
  -0.383698 
  0.569750 
  0.999373 
  0.510177 
  -0.448074 
  -0.994367 
  -0.626444 
  0.317429 
  0.969459 
  0.730174 
  -0.180430 
  -0.925148 
  -0.819288 
  0.039821 
  0.862319 
  0.892005 
  0.101586 
  -0.782231 
  -0.946868 
  -0.240959 
  0.686487 
  0.982780 
  0.375510 
  -0.577002 
  -0.999021 
  -0.502544 
  0.455969 
  0.995267 
  0.619521 
  -0.325810 
  -0.971592 
  -0.724097 
  0.189129 
  0.928471 
  0.814181 
  -0.048664 
  -0.866767 
  -0.887969 
  -0.092776 
  0.787715 
  0.943984 
  0.232359 
  -0.692896 
  -0.981106 
  -0.367291 
  0.584209 
  0.998590 
  0.494872 
  -0.463829 
  -0.996088 
  -0.612548 
  0.334165 
  0.973649 
  0.717964 
  -0.197814 
  -0.931722 
  -0.809010 
  0.057503 
  0.871147 
  0.883863 
  0.083959 
  -0.793136 
  -0.941026 
  -0.223741 
  0.699251 
  0.979355 
  0.359044 
  -0.591370 
  -0.998081 
  -0.487161 
  0.471652 
  0.996831 
  0.605528 
  -0.342495 
  -0.975629 
  -0.711775 
  0.206482 
  0.934900 
  0.803775 
  -0.066337 
  -0.875459 
  -0.879689 
  -0.075136 
  0.798496 
  0.937995 
  0.215105 
  -0.705551 
  -0.977527 
  -0.350769 
  0.598484 
  0.997494 
  0.479412 
  -0.479439 
  -0.997496 
  -0.598460 
  0.350797 
  0.977533 
  0.705530 
  -0.215135 
  -0.938005 
  -0.798478 
  0.075166 
  0.879703 
  0.875445 
  0.066307 
  -0.803793 
  -0.934890 
  -0.206453 
  0.711796 
  0.975623 
  0.342466 
  -0.605552 
  -0.996829 
  -0.471626 
  0.487188 
  0.998083 
  0.591345 
  -0.359072 
  -0.979361 
  -0.699229 
  0.223770 
  0.941037 
  0.793118 
  -0.083989 
  -0.883877 
  -0.871133 
  -0.057472 
  0.809028 
  0.931711 
  0.197784 
  -0.717985 
  -0.973642 
  -0.334137 
  0.612572 
  0.996085 
  0.463802 
  -0.494898 
  -0.998592 
  -0.584184 
  0.367319 
  0.981111 
  0.692874 
  -0.232388 
  -0.943994 
  -0.787696 
  0.092806 
  0.887983 
  0.866752 
  0.048634 
  -0.814198 
  -0.928460 
  -0.189100 
  0.724118 
  0.971585 
  0.325781 
  -0.619544 
  -0.995264 
  -0.455942 
  0.502570 
  0.999022 
  0.576978 
  -0.375538 
  -0.982785 
  -0.686465 
  0.240988 
  0.946878 
  0.782212 
  -0.101616 
  -0.892018 
  -0.862304 
  -0.039791 
  0.819306 
  0.925136 
  0.180401 
  -0.730194 
  -0.969452 
  -0.317400 
  0.626468 
  0.994364 
  0.448047 
  -0.510203 
  -0.999374 
  -0.569726 
  0.383726 
  0.984382 
  0.680001 
  -0.249569 
  -0.949687 
  -0.776667 
  0.110417 
  0.895984 
  0.857788 
  0.030945 
  -0.824348 
  -0.921740 
  -0.171688 
  0.736213 
  0.967243 
  0.308994 
  -0.633343 
  -0.993387 
  -0.440116 
  0.517796 
  0.999648 
  0.562429 
  -0.391885 
  -0.985902 
  -0.673485 
  0.258131 
  0.952422 
  0.771061 
  -0.119210 
  -0.899880 
  -0.853204 
  -0.022097 
  0.829327 
  0.918271 
  0.162961 
  -0.742174 
  -0.964958 
  -0.300564 
  0.640167 
  0.992332 
  0.432151 
  -0.525348 
  -0.999844 
  -0.555088 
  0.400013 
  0.987344 
  0.666916 
  -0.266672 
  -0.955083 
  -0.765395 
  0.127994 
  0.903705 
  0.848554 
  0.013247 
  -0.834240 
  -0.914730 
  -0.154222 
  0.748078 
  0.962598 
  0.292110 
  -0.646942 
  -0.991199 
  -0.424152 
  0.532859 
  0.999961 
  0.547704 
  -0.408110 
  -0.988709 
  -0.660294 
  0.275192 
  0.957668 
  0.759668 
  -0.136767 
  -0.907459 
  -0.843838 
  -0.004396 
  0.839088 
  0.911118 
  0.145470 
  -0.753922 
  -0.960162 
  -0.283633 
  0.653666 
  0.989988 
  0.416119 
  -0.540328 
  -1.000000 
  -0.540277 
  0.416174 
  0.989997 
  0.653621 
  -0.283691 
  -0.960179 
  -0.753882 
  0.145530 
  0.911143 
  0.839055 
  -0.004456 
  -0.843870 
  -0.907434 
  -0.136707 
  0.759708 
  0.957651 
  0.275134 
  -0.660339 
  -0.988700 
  -0.408055 
  0.547754 
  0.999961 
  0.532808 
  -0.424206 
  -0.991207 
  -0.646896 
  0.292168 
  0.962614 
  0.748038 
  -0.154281 
  -0.914755 
  -0.834207 
  0.013307 
  0.848586 
  0.903679 
  0.127934 
  -0.765433 
  -0.955065 
  -0.266614 
  0.666961 
  0.987334 
  0.399958 
  -0.555138 
  -0.999843 
  1.000000 
  0.540302 
  -0.416147 
  -0.989992 
  -0.653644 
  0.283662 
  0.960170 
  0.753902 
  -0.145500 
  -0.911130 
  -0.839072 
  0.004426 
  0.843854 
  0.907447 
  0.136737 
  -0.759688 
  -0.957659 
  -0.275163 
  0.660317 
  0.988705 
  0.408082 
  -0.547729 
  -0.999961 
  -0.532833 
  0.424179 
  0.991203 
  0.646919 
  -0.292139 
  -0.962606 
  -0.748058 
  0.154251 
  0.914742 
  0.834223 
  -0.013277 
  -0.848570 
  -0.903692 
  -0.127964 
  0.765414 
  0.955074 
  0.266643 
  -0.666938 
  -0.987339 
  -0.399985 
  0.555113 
  0.999843 
  0.525322 
  -0.432178 
  -0.992335 
  -0.640144 
  0.300593 
  0.964966 
  0.742154 
  -0.162991 
  -0.918283 
  -0.829310 
  0.022127 
  0.853220 
  0.899867 
  0.119180 
  -0.771080 
  -0.952413 
  -0.258102 
  0.673507 
  0.985897 
  0.391857 
  -0.562454 
  -0.999647 
  -0.517770 
  0.440143 
  0.993390 
  0.633319 
  -0.309023 
  -0.967251 
  -0.736193 
  0.171717 
  0.921751 
  0.824331 
  -0.030975 
  -0.857803 
  -0.895971 
  -0.110387 
  0.776686 
  0.949678 
  0.249540 
  -0.680023 
  -0.984377 
  -0.383698 
  0.569750 
  0.999373 
  0.510177 
  -0.448074 
  -0.994367 
  -0.626444 
  0.317429 
  0.969459 
  0.730174 
  -0.180430 
  -0.925148 
  -0.819288 
  0.039821 
  0.862319 
  0.892005 
  0.101586 
  -0.782231 
  -0.946868 
  -0.240959 
  0.686487 
  0.982780 
  0.375510 
  -0.577002 
  -0.999021 
  -0.502544 
  0.455969 
  0.995267 
  0.619521 
  -0.325810 
  -0.971592 
  -0.724097 
  0.189129 
  0.928471 
  0.814181 
  -0.048664 
  -0.866767 
  -0.887969 
  -0.092776 
  0.787715 
  0.943984 
  0.232359 
  -0.692896 
  -0.981106 
  -0.367291 
  0.584209 
  0.998590 
  0.494872 
  -0.463829 
  -0.996088 
  -0.612548 
  0.334165 
  0.973649 
  0.717964 
  -0.197814 
  -0.931722 
  -0.809010 
  0.057503 
  0.871147 
  0.883863 
  0.083959 
  -0.793136 
  -0.941026 
  -0.223741 
  0.699251 
  0.979355 
  0.359044 
  -0.591370 
  -0.998081 
  -0.487161 
  0.471652 
  0.996831 
  0.605528 
  -0.342495 
  -0.975629 
  -0.711775 
  0.206482 
  0.934900 
  0.803775 
  -0.066337 
  -0.875459 
  -0.879689 
  -0.075136 
  0.798496 
  0.937995 
  0.215105 
  -0.705551 
  -0.977527 
  -0.350769 
  0.598484 
  0.997494 
  0.479412 
  -0.479439 
  -0.997496 
  -0.598460 
  0.350797 
  0.977533 
  0.705530 
  -0.215135 
  -0.938005 
  -0.798478 
  0.075166 
  0.879703 
  0.875445 
  0.066307 
  -0.803793 
  -0.934890 
  -0.206453 
  0.711796 
  0.975623 
  0.342466 
  -0.605552 
  -0.996829 
  -0.471626 
  0.487188 
  0.998083 
  0.591345 
  -0.359072 
  -0.979361 
  -0.699229 
  0.223770 
  0.941037 
  0.793118 
  -0.083989 
  -0.883877 
  -0.871133 
  -0.057472 
  0.809028 
  0.931711 
  0.197784 
  -0.717985 
  -0.973642 
  -0.334137 
  0.612572 
  0.996085 
  0.463802 
  -0.494898 
  -0.998592 
  -0.584184 
  0.367319 
  0.981111 
  0.692874 
  -0.232388 
  -0.943994 
  -0.787696 
  0.092806 
  0.887983 
  0.866752 
  0.048634 
  -0.814198 
  -0.928460 
  -0.189100 
  0.724118 
  0.971585 
  0.325781 
  -0.619544 
  -0.995264 
  -0.455942 
  0.502570 
  0.999022 
  0.576978 
  -0.375538 
  -0.982785 
  -0.686465 
  0.240988 
  0.946878 
  0.782212 
  -0.101616 
  -0.892018 
  -0.862304 
  -0.039791 
  0.819306 
  0.925136 
  0.180401 
  -0.730194 
  -0.969452 
  -0.317400 
  0.626468 
  0.994364 
  0.448047 
  -0.510203 
  -0.999374 
  -0.569726 
  0.383726 
  0.984382 
  0.680001 
  -0.249569 
  -0.949687 
  -0.776667 
  0.110417 
  0.895984 
  0.857788 
  0.030945 
  -0.824348 
  -0.921740 
  -0.171688 
  0.736213 
  0.967243 
  0.308994 
  -0.633343 
  -0.993387 
  -0.440116 
  0.517796 
  0.999648 
  0.562429 
  -0.391885 
  -0.985902 
  -0.673485 
  0.258131 
  0.952422 
  0.771061 
  -0.119210 
  -0.899880 
  -0.853204 
  -0.022097 
  0.829327 
  0.918271 
  0.162961 
  -0.742174 
  -0.964958 
  -0.300564 
  0.640167 
  0.992332 
  0.432151 
  -0.525348 
  -0.999844 
  -0.555088 
  0.400013 
  0.987344 
  0.666916 
  -0.266672 
  -0.955083 
  -0.765395 
  0.127994 
  0.903705 
  0.848554 
  0.013247 
  -0.834240 
  -0.914730 
  -0.154222 
  0.748078 
  0.962598 
  0.292110 
  -0.646942 
  -0.991199 
  -0.424152 
  0.532859 
  0.999961 
  0.547704 
  -0.408110 
  -0.988709 
  -0.660294 
  0.275192 
  0.957668 
  0.759668 
  -0.136767 
  -0.907459 
  -0.843838 
  -0.004396 
  0.839088 
  0.911118 
  0.145470 
  -0.753922 
  -0.960162 
  -0.283633 
  0.653666 
  0.989988 
  0.416119 
  -0.540328 
  -1.000000 
  -0.540277 
  0.416174 
  0.989997 
  0.653621 
  -0.283691 
  -0.960179 
  -0.753882 
  0.145530 
  0.911143 
  0.839055 
  -0.004456 
  -0.843870 
  -0.907434 
  -0.136707 
  0.759708 
  0.957651 
  0.275134 
  -0.660339 
  -0.988700 
  -0.408055 
  0.547754 
  0.999961 
  0.532808 
  -0.424206 
  -0.991207 
  -0.646896 
  0.292168 
  0.962614 
  0.748038 
  -0.154281 
  -0.914755 
  -0.834207 
  0.013307 
  0.848586 
  0.903679 
  0.127934 
  -0.765433 
  -0.955065 
  -0.266614 
  0.666961 
  0.987334 
  0.399958 
  -0.555138 
  -0.999843 
